1.024000000000000000e+04
1.024000000000000000e+04
1.024000000000000000e+04
1.024000000000000000e+04
1.024000000000000000e+04
1.024000000000000000e+04
1.024000000000000000e+04
1.024000000000000000e+04
1.024000000000000000e+04
9.984000000000000000e+03
9.984000000000000000e+03
1.024000000000000000e+04
1.024000000000000000e+04
1.024000000000000000e+04
1.024000000000000000e+04
1.024000000000000000e+04
9.984000000000000000e+03
1.024000000000000000e+04
1.024000000000000000e+04
1.024000000000000000e+04
9.984000000000000000e+03
1.024000000000000000e+04
1.024000000000000000e+04
1.024000000000000000e+04
1.024000000000000000e+04
9.984000000000000000e+03
1.024000000000000000e+04
1.024000000000000000e+04
1.024000000000000000e+04
9.984000000000000000e+03
1.024000000000000000e+04
1.024000000000000000e+04
