2.022400000000000000e+04
2.048000000000000000e+04
2.022400000000000000e+04
2.022400000000000000e+04
2.048000000000000000e+04
2.048000000000000000e+04
2.048000000000000000e+04
2.048000000000000000e+04
2.022400000000000000e+04
2.048000000000000000e+04
2.048000000000000000e+04
2.048000000000000000e+04
2.022400000000000000e+04
2.022400000000000000e+04
2.048000000000000000e+04
2.048000000000000000e+04
2.048000000000000000e+04
2.048000000000000000e+04
2.022400000000000000e+04
2.048000000000000000e+04
2.048000000000000000e+04
2.048000000000000000e+04
2.048000000000000000e+04
2.048000000000000000e+04
2.048000000000000000e+04
2.048000000000000000e+04
2.048000000000000000e+04
2.048000000000000000e+04
2.048000000000000000e+04
2.048000000000000000e+04
2.048000000000000000e+04
-2.201600000000000000e+04
-2.099200000000000000e+04
-2.124800000000000000e+04
-2.099200000000000000e+04
-2.073600000000000000e+04
-2.073600000000000000e+04
-2.048000000000000000e+04
-2.048000000000000000e+04
-2.048000000000000000e+04
-2.048000000000000000e+04
-2.048000000000000000e+04
-2.048000000000000000e+04
-2.048000000000000000e+04
-2.048000000000000000e+04
-2.048000000000000000e+04
-2.022400000000000000e+04
-2.022400000000000000e+04
-2.048000000000000000e+04
-2.022400000000000000e+04
-2.022400000000000000e+04
-2.022400000000000000e+04
-2.022400000000000000e+04
-2.022400000000000000e+04
-2.022400000000000000e+04
-2.022400000000000000e+04
-2.022400000000000000e+04
-2.022400000000000000e+04
-2.048000000000000000e+04
-2.022400000000000000e+04
-2.022400000000000000e+04
-2.022400000000000000e+04
-2.022400000000000000e+04
-2.022400000000000000e+04
