2.048000000000000000e+04
2.048000000000000000e+04
2.022400000000000000e+04
2.048000000000000000e+04
2.048000000000000000e+04
2.048000000000000000e+04
2.048000000000000000e+04
2.048000000000000000e+04
2.048000000000000000e+04
2.048000000000000000e+04
2.048000000000000000e+04
2.048000000000000000e+04
2.048000000000000000e+04
2.048000000000000000e+04
2.048000000000000000e+04
2.022400000000000000e+04
2.048000000000000000e+04
2.048000000000000000e+04
2.048000000000000000e+04
2.048000000000000000e+04
2.022400000000000000e+04
2.048000000000000000e+04
2.048000000000000000e+04
2.048000000000000000e+04
-4.096000000000000000e+03
-2.099200000000000000e+04
-2.099200000000000000e+04
-2.099200000000000000e+04
-2.099200000000000000e+04
-2.073600000000000000e+04
-2.073600000000000000e+04
-2.073600000000000000e+04
-2.048000000000000000e+04
-2.048000000000000000e+04
-2.048000000000000000e+04
-2.048000000000000000e+04
-2.048000000000000000e+04
-2.048000000000000000e+04
-2.048000000000000000e+04
-2.048000000000000000e+04
-2.048000000000000000e+04
-2.048000000000000000e+04
-2.022400000000000000e+04
-2.022400000000000000e+04
-2.048000000000000000e+04
-2.048000000000000000e+04
-2.022400000000000000e+04
-2.022400000000000000e+04
-2.022400000000000000e+04
-2.022400000000000000e+04
-2.022400000000000000e+04
-2.022400000000000000e+04
-2.022400000000000000e+04
-2.022400000000000000e+04
-2.048000000000000000e+04
-2.022400000000000000e+04
-2.022400000000000000e+04
-2.022400000000000000e+04
-2.048000000000000000e+04
-2.048000000000000000e+04
-2.048000000000000000e+04
-2.022400000000000000e+04
-2.022400000000000000e+04
-2.022400000000000000e+04
-2.022400000000000000e+04
-2.022400000000000000e+04
-2.022400000000000000e+04
-2.022400000000000000e+04
-2.022400000000000000e+04
-2.048000000000000000e+04
-2.022400000000000000e+04
-2.048000000000000000e+04
-2.022400000000000000e+04
-2.022400000000000000e+04
-2.048000000000000000e+04
-2.048000000000000000e+04
-2.022400000000000000e+04
-2.022400000000000000e+04
-2.048000000000000000e+04
-2.048000000000000000e+04
-2.048000000000000000e+04
-2.048000000000000000e+04
-2.022400000000000000e+04
-2.048000000000000000e+04
-2.048000000000000000e+04
-2.048000000000000000e+04
-2.022400000000000000e+04
2.073600000000000000e+04
2.099200000000000000e+04
2.099200000000000000e+04
2.073600000000000000e+04
2.073600000000000000e+04
2.073600000000000000e+04
2.073600000000000000e+04
2.048000000000000000e+04
2.048000000000000000e+04
2.048000000000000000e+04
2.048000000000000000e+04
2.048000000000000000e+04
2.022400000000000000e+04
2.022400000000000000e+04
2.022400000000000000e+04
2.048000000000000000e+04
2.048000000000000000e+04
2.048000000000000000e+04
2.048000000000000000e+04
2.048000000000000000e+04
2.048000000000000000e+04
2.048000000000000000e+04
2.022400000000000000e+04
2.022400000000000000e+04
2.022400000000000000e+04
2.048000000000000000e+04
2.048000000000000000e+04
2.022400000000000000e+04
2.022400000000000000e+04
2.048000000000000000e+04
2.048000000000000000e+04
2.048000000000000000e+04
2.022400000000000000e+04
2.022400000000000000e+04
2.048000000000000000e+04
2.048000000000000000e+04
2.048000000000000000e+04
2.048000000000000000e+04
2.048000000000000000e+04
2.048000000000000000e+04
2.048000000000000000e+04
2.022400000000000000e+04
2.022400000000000000e+04
2.048000000000000000e+04
2.048000000000000000e+04
2.048000000000000000e+04
2.048000000000000000e+04
2.048000000000000000e+04
2.048000000000000000e+04
2.048000000000000000e+04
2.048000000000000000e+04
2.048000000000000000e+04
2.022400000000000000e+04
2.048000000000000000e+04
2.048000000000000000e+04
2.048000000000000000e+04
2.048000000000000000e+04
2.048000000000000000e+04
2.048000000000000000e+04
2.048000000000000000e+04
2.048000000000000000e+04
2.048000000000000000e+04
-7.936000000000000000e+03
-2.099200000000000000e+04
-2.099200000000000000e+04
-2.073600000000000000e+04
-2.073600000000000000e+04
-2.073600000000000000e+04
-2.073600000000000000e+04
-2.048000000000000000e+04
-2.048000000000000000e+04
-2.048000000000000000e+04
-2.048000000000000000e+04
-2.048000000000000000e+04
-2.048000000000000000e+04
-2.048000000000000000e+04
-2.022400000000000000e+04
-2.048000000000000000e+04
-2.048000000000000000e+04
-2.022400000000000000e+04
-2.022400000000000000e+04
-2.022400000000000000e+04
-2.048000000000000000e+04
-2.022400000000000000e+04
-2.022400000000000000e+04
-2.022400000000000000e+04
-2.022400000000000000e+04
-2.022400000000000000e+04
-2.022400000000000000e+04
-2.022400000000000000e+04
-2.022400000000000000e+04
-2.048000000000000000e+04
-2.022400000000000000e+04
-2.022400000000000000e+04
-2.022400000000000000e+04
-2.022400000000000000e+04
-2.022400000000000000e+04
-2.022400000000000000e+04
-2.022400000000000000e+04
-2.022400000000000000e+04
-2.022400000000000000e+04
-2.022400000000000000e+04
-2.048000000000000000e+04
-2.048000000000000000e+04
-2.022400000000000000e+04
-2.022400000000000000e+04
-2.022400000000000000e+04
-2.022400000000000000e+04
-2.048000000000000000e+04
-2.022400000000000000e+04
-2.022400000000000000e+04
-2.022400000000000000e+04
-2.048000000000000000e+04
-2.048000000000000000e+04
-2.022400000000000000e+04
-2.022400000000000000e+04
-2.022400000000000000e+04
-2.048000000000000000e+04
-2.048000000000000000e+04
-2.022400000000000000e+04
-2.022400000000000000e+04
-2.048000000000000000e+04
-2.048000000000000000e+04
-2.048000000000000000e+04
-2.048000000000000000e+04
2.099200000000000000e+04
2.099200000000000000e+04
2.073600000000000000e+04
2.073600000000000000e+04
2.073600000000000000e+04
2.073600000000000000e+04
2.073600000000000000e+04
2.048000000000000000e+04
2.048000000000000000e+04
2.048000000000000000e+04
2.048000000000000000e+04
2.048000000000000000e+04
2.048000000000000000e+04
2.048000000000000000e+04
2.048000000000000000e+04
2.048000000000000000e+04
2.048000000000000000e+04
2.022400000000000000e+04
2.048000000000000000e+04
2.048000000000000000e+04
2.048000000000000000e+04
2.048000000000000000e+04
2.048000000000000000e+04
2.022400000000000000e+04
2.048000000000000000e+04
2.048000000000000000e+04
2.022400000000000000e+04
2.022400000000000000e+04
2.022400000000000000e+04
2.048000000000000000e+04
2.048000000000000000e+04
2.048000000000000000e+04
2.022400000000000000e+04
2.022400000000000000e+04
2.022400000000000000e+04
2.048000000000000000e+04
2.048000000000000000e+04
2.022400000000000000e+04
2.022400000000000000e+04
2.048000000000000000e+04
2.048000000000000000e+04
2.048000000000000000e+04
2.048000000000000000e+04
2.048000000000000000e+04
