2.073600000000000000e+04
2.048000000000000000e+04
2.048000000000000000e+04
2.048000000000000000e+04
2.048000000000000000e+04
2.048000000000000000e+04
2.048000000000000000e+04
2.048000000000000000e+04
2.048000000000000000e+04
2.048000000000000000e+04
2.048000000000000000e+04
2.022400000000000000e+04
2.048000000000000000e+04
2.048000000000000000e+04
2.048000000000000000e+04
2.048000000000000000e+04
2.022400000000000000e+04
2.022400000000000000e+04
2.048000000000000000e+04
2.048000000000000000e+04
2.048000000000000000e+04
2.022400000000000000e+04
2.048000000000000000e+04
2.048000000000000000e+04
2.048000000000000000e+04
2.048000000000000000e+04
2.022400000000000000e+04
2.048000000000000000e+04
2.048000000000000000e+04
2.048000000000000000e+04
2.048000000000000000e+04
2.048000000000000000e+04
2.048000000000000000e+04
2.048000000000000000e+04
2.048000000000000000e+04
2.022400000000000000e+04
2.048000000000000000e+04
2.022400000000000000e+04
2.048000000000000000e+04
2.048000000000000000e+04
2.048000000000000000e+04
2.048000000000000000e+04
2.048000000000000000e+04
2.048000000000000000e+04
2.048000000000000000e+04
2.022400000000000000e+04
2.048000000000000000e+04
2.048000000000000000e+04
2.048000000000000000e+04
2.048000000000000000e+04
2.048000000000000000e+04
2.048000000000000000e+04
2.048000000000000000e+04
2.048000000000000000e+04
2.048000000000000000e+04
-1.894400000000000000e+04
-2.099200000000000000e+04
-2.099200000000000000e+04
-2.073600000000000000e+04
-2.073600000000000000e+04
-2.073600000000000000e+04
-2.073600000000000000e+04
-2.048000000000000000e+04
-2.048000000000000000e+04
-2.048000000000000000e+04
-2.048000000000000000e+04
-2.048000000000000000e+04
-2.048000000000000000e+04
-2.048000000000000000e+04
-2.022400000000000000e+04
-2.048000000000000000e+04
-2.048000000000000000e+04
-2.048000000000000000e+04
-2.022400000000000000e+04
-2.022400000000000000e+04
-2.048000000000000000e+04
-2.022400000000000000e+04
-2.048000000000000000e+04
-2.022400000000000000e+04
-2.022400000000000000e+04
-2.022400000000000000e+04
-2.022400000000000000e+04
-2.022400000000000000e+04
-2.022400000000000000e+04
-2.022400000000000000e+04
-2.022400000000000000e+04
-2.022400000000000000e+04
-2.022400000000000000e+04
-2.022400000000000000e+04
-2.022400000000000000e+04
-2.022400000000000000e+04
-2.022400000000000000e+04
-2.022400000000000000e+04
-2.022400000000000000e+04
-2.022400000000000000e+04
-2.022400000000000000e+04
-2.022400000000000000e+04
-2.048000000000000000e+04
-2.022400000000000000e+04
-2.022400000000000000e+04
-2.048000000000000000e+04
-2.048000000000000000e+04
-2.048000000000000000e+04
-2.022400000000000000e+04
-2.022400000000000000e+04
-2.022400000000000000e+04
-2.022400000000000000e+04
-2.022400000000000000e+04
-2.022400000000000000e+04
-2.022400000000000000e+04
-2.048000000000000000e+04
-2.048000000000000000e+04
-2.022400000000000000e+04
-2.022400000000000000e+04
-2.022400000000000000e+04
-2.022400000000000000e+04
-2.022400000000000000e+04
-2.048000000000000000e+04
2.099200000000000000e+04
2.099200000000000000e+04
2.073600000000000000e+04
2.073600000000000000e+04
2.073600000000000000e+04
2.073600000000000000e+04
2.073600000000000000e+04
2.048000000000000000e+04
2.048000000000000000e+04
2.048000000000000000e+04
2.073600000000000000e+04
2.048000000000000000e+04
2.048000000000000000e+04
2.048000000000000000e+04
2.048000000000000000e+04
2.048000000000000000e+04
2.048000000000000000e+04
2.048000000000000000e+04
2.048000000000000000e+04
2.048000000000000000e+04
2.048000000000000000e+04
2.048000000000000000e+04
2.048000000000000000e+04
2.022400000000000000e+04
2.048000000000000000e+04
2.048000000000000000e+04
2.022400000000000000e+04
2.048000000000000000e+04
2.048000000000000000e+04
2.022400000000000000e+04
2.048000000000000000e+04
2.048000000000000000e+04
2.022400000000000000e+04
2.048000000000000000e+04
2.048000000000000000e+04
2.048000000000000000e+04
2.048000000000000000e+04
2.048000000000000000e+04
2.022400000000000000e+04
2.022400000000000000e+04
2.048000000000000000e+04
2.048000000000000000e+04
2.048000000000000000e+04
2.048000000000000000e+04
2.048000000000000000e+04
2.048000000000000000e+04
2.048000000000000000e+04
2.048000000000000000e+04
2.048000000000000000e+04
2.048000000000000000e+04
2.048000000000000000e+04
2.048000000000000000e+04
2.048000000000000000e+04
2.048000000000000000e+04
2.048000000000000000e+04
2.048000000000000000e+04
2.048000000000000000e+04
2.048000000000000000e+04
2.048000000000000000e+04
2.048000000000000000e+04
2.048000000000000000e+04
2.048000000000000000e+04
-1.945600000000000000e+04
-2.099200000000000000e+04
-2.099200000000000000e+04
-2.099200000000000000e+04
-2.073600000000000000e+04
-2.073600000000000000e+04
-2.073600000000000000e+04
-2.073600000000000000e+04
-2.048000000000000000e+04
-2.073600000000000000e+04
-2.048000000000000000e+04
-2.048000000000000000e+04
-2.048000000000000000e+04
-2.022400000000000000e+04
-2.022400000000000000e+04
-2.048000000000000000e+04
-2.048000000000000000e+04
-2.048000000000000000e+04
-2.022400000000000000e+04
-2.022400000000000000e+04
-2.048000000000000000e+04
-2.022400000000000000e+04
-2.022400000000000000e+04
-2.022400000000000000e+04
-2.022400000000000000e+04
-2.022400000000000000e+04
-2.022400000000000000e+04
-2.022400000000000000e+04
-2.022400000000000000e+04
-2.022400000000000000e+04
-2.022400000000000000e+04
-2.022400000000000000e+04
-2.022400000000000000e+04
-2.022400000000000000e+04
-2.022400000000000000e+04
-2.022400000000000000e+04
-2.022400000000000000e+04
-2.022400000000000000e+04
-2.048000000000000000e+04
-2.022400000000000000e+04
-2.048000000000000000e+04
-2.048000000000000000e+04
-2.022400000000000000e+04
-2.022400000000000000e+04
-2.022400000000000000e+04
-2.022400000000000000e+04
-2.022400000000000000e+04
-2.022400000000000000e+04
-2.022400000000000000e+04
-2.022400000000000000e+04
-2.048000000000000000e+04
-2.022400000000000000e+04
-2.022400000000000000e+04
-2.022400000000000000e+04
-2.022400000000000000e+04
-2.048000000000000000e+04
-2.048000000000000000e+04
-2.022400000000000000e+04
-2.022400000000000000e+04
-2.022400000000000000e+04
-2.022400000000000000e+04
-2.048000000000000000e+04
-2.048000000000000000e+04
2.099200000000000000e+04
2.099200000000000000e+04
2.099200000000000000e+04
2.073600000000000000e+04
2.073600000000000000e+04
2.073600000000000000e+04
2.073600000000000000e+04
2.048000000000000000e+04
2.048000000000000000e+04
2.048000000000000000e+04
2.048000000000000000e+04
2.048000000000000000e+04
2.048000000000000000e+04
2.048000000000000000e+04
2.048000000000000000e+04
2.048000000000000000e+04
2.048000000000000000e+04
2.048000000000000000e+04
2.022400000000000000e+04
2.048000000000000000e+04
2.048000000000000000e+04
2.048000000000000000e+04
2.022400000000000000e+04
2.022400000000000000e+04
2.022400000000000000e+04
2.048000000000000000e+04
2.048000000000000000e+04
2.022400000000000000e+04
2.022400000000000000e+04
2.048000000000000000e+04
2.048000000000000000e+04
2.048000000000000000e+04
2.048000000000000000e+04
2.048000000000000000e+04
2.022400000000000000e+04
2.048000000000000000e+04
2.048000000000000000e+04
2.048000000000000000e+04
2.048000000000000000e+04
2.048000000000000000e+04
2.048000000000000000e+04
2.048000000000000000e+04
2.048000000000000000e+04
2.048000000000000000e+04
2.048000000000000000e+04
2.048000000000000000e+04
2.048000000000000000e+04
2.048000000000000000e+04
2.048000000000000000e+04
2.048000000000000000e+04
2.048000000000000000e+04
2.048000000000000000e+04
2.048000000000000000e+04
2.048000000000000000e+04
2.048000000000000000e+04
2.048000000000000000e+04
2.048000000000000000e+04
2.048000000000000000e+04
2.048000000000000000e+04
2.048000000000000000e+04
2.048000000000000000e+04
2.048000000000000000e+04
-1.894400000000000000e+04
-2.099200000000000000e+04
-2.099200000000000000e+04
-2.099200000000000000e+04
-2.073600000000000000e+04
-2.073600000000000000e+04
-2.073600000000000000e+04
-2.073600000000000000e+04
-2.048000000000000000e+04
-2.048000000000000000e+04
-2.048000000000000000e+04
-2.048000000000000000e+04
-2.048000000000000000e+04
-2.022400000000000000e+04
-2.048000000000000000e+04
-2.048000000000000000e+04
-2.022400000000000000e+04
-2.022400000000000000e+04
-2.022400000000000000e+04
-2.022400000000000000e+04
-2.048000000000000000e+04
-2.022400000000000000e+04
-2.022400000000000000e+04
-2.022400000000000000e+04
-2.022400000000000000e+04
-2.022400000000000000e+04
-2.022400000000000000e+04
-2.022400000000000000e+04
-2.022400000000000000e+04
-2.022400000000000000e+04
-2.022400000000000000e+04
-2.022400000000000000e+04
-2.022400000000000000e+04
-2.022400000000000000e+04
-2.022400000000000000e+04
-2.022400000000000000e+04
-2.022400000000000000e+04
-2.022400000000000000e+04
-2.022400000000000000e+04
-2.022400000000000000e+04
-2.022400000000000000e+04
-2.022400000000000000e+04
-2.022400000000000000e+04
-2.022400000000000000e+04
-2.022400000000000000e+04
-2.022400000000000000e+04
-2.022400000000000000e+04
-2.022400000000000000e+04
-2.022400000000000000e+04
-2.022400000000000000e+04
-2.048000000000000000e+04
-2.022400000000000000e+04
-2.022400000000000000e+04
-2.022400000000000000e+04
-2.022400000000000000e+04
-2.022400000000000000e+04
-2.048000000000000000e+04
-2.022400000000000000e+04
-2.022400000000000000e+04
-2.022400000000000000e+04
-2.048000000000000000e+04
-2.048000000000000000e+04
-2.048000000000000000e+04
2.099200000000000000e+04
2.099200000000000000e+04
2.073600000000000000e+04
2.073600000000000000e+04
2.099200000000000000e+04
2.073600000000000000e+04
2.048000000000000000e+04
2.048000000000000000e+04
2.048000000000000000e+04
2.048000000000000000e+04
2.073600000000000000e+04
2.048000000000000000e+04
2.048000000000000000e+04
2.048000000000000000e+04
2.048000000000000000e+04
2.048000000000000000e+04
2.048000000000000000e+04
2.048000000000000000e+04
2.022400000000000000e+04
2.048000000000000000e+04
2.048000000000000000e+04
2.048000000000000000e+04
2.048000000000000000e+04
2.022400000000000000e+04
2.048000000000000000e+04
2.048000000000000000e+04
2.048000000000000000e+04
2.022400000000000000e+04
2.022400000000000000e+04
2.022400000000000000e+04
2.048000000000000000e+04
2.048000000000000000e+04
2.048000000000000000e+04
2.022400000000000000e+04
2.048000000000000000e+04
2.048000000000000000e+04
2.048000000000000000e+04
2.048000000000000000e+04
2.048000000000000000e+04
2.022400000000000000e+04
2.048000000000000000e+04
2.048000000000000000e+04
2.048000000000000000e+04
2.048000000000000000e+04
2.048000000000000000e+04
2.048000000000000000e+04
2.048000000000000000e+04
2.048000000000000000e+04
2.048000000000000000e+04
2.048000000000000000e+04
2.048000000000000000e+04
2.048000000000000000e+04
2.048000000000000000e+04
2.048000000000000000e+04
2.048000000000000000e+04
2.048000000000000000e+04
2.048000000000000000e+04
2.048000000000000000e+04
2.048000000000000000e+04
2.048000000000000000e+04
2.048000000000000000e+04
2.048000000000000000e+04
-1.792000000000000000e+04
-2.099200000000000000e+04
-2.099200000000000000e+04
-2.073600000000000000e+04
-2.073600000000000000e+04
-2.073600000000000000e+04
-2.073600000000000000e+04
-2.073600000000000000e+04
-2.048000000000000000e+04
-2.048000000000000000e+04
-2.048000000000000000e+04
-2.048000000000000000e+04
-2.048000000000000000e+04
-2.048000000000000000e+04
-2.022400000000000000e+04
-2.048000000000000000e+04
-2.048000000000000000e+04
-2.048000000000000000e+04
-2.022400000000000000e+04
-2.022400000000000000e+04
-2.048000000000000000e+04
-2.022400000000000000e+04
-2.022400000000000000e+04
-2.022400000000000000e+04
-2.022400000000000000e+04
-2.022400000000000000e+04
-2.022400000000000000e+04
-2.022400000000000000e+04
-2.022400000000000000e+04
-2.022400000000000000e+04
-2.022400000000000000e+04
-2.048000000000000000e+04
-2.022400000000000000e+04
-2.022400000000000000e+04
-2.022400000000000000e+04
-2.022400000000000000e+04
-2.022400000000000000e+04
-2.022400000000000000e+04
-2.022400000000000000e+04
-2.022400000000000000e+04
-2.048000000000000000e+04
-2.022400000000000000e+04
-2.022400000000000000e+04
-2.022400000000000000e+04
-2.022400000000000000e+04
-2.048000000000000000e+04
-2.048000000000000000e+04
-2.048000000000000000e+04
-2.022400000000000000e+04
-2.022400000000000000e+04
-2.048000000000000000e+04
-2.048000000000000000e+04
-2.022400000000000000e+04
-2.022400000000000000e+04
-2.022400000000000000e+04
-2.048000000000000000e+04
-2.048000000000000000e+04
-2.048000000000000000e+04
-2.048000000000000000e+04
-2.022400000000000000e+04
-2.048000000000000000e+04
-2.048000000000000000e+04
-2.048000000000000000e+04
2.099200000000000000e+04
2.099200000000000000e+04
2.073600000000000000e+04
2.073600000000000000e+04
2.073600000000000000e+04
2.073600000000000000e+04
2.073600000000000000e+04
2.048000000000000000e+04
2.048000000000000000e+04
2.048000000000000000e+04
2.048000000000000000e+04
2.048000000000000000e+04
2.048000000000000000e+04
2.048000000000000000e+04
2.048000000000000000e+04
2.048000000000000000e+04
2.048000000000000000e+04
2.048000000000000000e+04
2.022400000000000000e+04
