-1.024000000000000000e+04
-1.024000000000000000e+04
-1.024000000000000000e+04
-1.024000000000000000e+04
-1.024000000000000000e+04
-1.024000000000000000e+04
-1.024000000000000000e+04
-1.024000000000000000e+04
-1.024000000000000000e+04
-1.024000000000000000e+04
-1.024000000000000000e+04
-1.024000000000000000e+04
-1.024000000000000000e+04
-1.024000000000000000e+04
-1.024000000000000000e+04
-1.024000000000000000e+04
-1.024000000000000000e+04
-1.024000000000000000e+04
-1.024000000000000000e+04
-1.024000000000000000e+04
-1.024000000000000000e+04
-1.024000000000000000e+04
-1.024000000000000000e+04
-1.024000000000000000e+04
-1.024000000000000000e+04
1.049600000000000000e+04
1.049600000000000000e+04
1.049600000000000000e+04
1.024000000000000000e+04
1.024000000000000000e+04
1.024000000000000000e+04
1.024000000000000000e+04
